52.62170696,1.23765707
52.62218,1.24074
52.62231,1.24077
52.621784,1.238556
52.623531,1.24535
52.62186,1.24027
52.621315,1.222208
52.62204,1.2362
52.62188445,1.234918535
52.624611,1.224031
52.62205,1.24054
52.62073,1.23655
52.621536,1.239213
52.621052,1.237673
52.622316,1.240763
52.621639,1.237255
52.621433,1.23822
52.62211,1.24053
52.62194,1.24033
52.62189,1.24035
52.62224,1.24083
52.62101,1.23769
52.61961,1.22324
52.62154,1.2395
52.62137,1.23732
52.62156,1.23557
52.625523,1.236653
52.621727,1.222765
52.620696,1.241978
52.621258,1.240329
52.620899,1.240648
52.62189,1.24033
52.62167,1.23723
52.62082604,1.234610081
52.6204157,1.235570312
52.62051014,1.235795617
52.62143503,1.235672235
52.62219708,1.23650372
52.62209938,1.236798763
52.62134059,1.237737536
52.62207984,1.238440275
52.62178675,1.239084005
52.62210264,1.240022779
52.62296236,1.242190003
52.62176395,1.244174838
52.62324893,1.24591291
52.62327499,1.246594191
52.62419005,1.24571979
52.6244701,1.245478392
52.62514417,1.24093473
52.62128197,1.24065578
52.61980343,1.223060489
52.621039,1.244202
52.621039,1.244202
52.622128,1.244792
52.622547,1.247329
52.621609,1.245607
52.62132105,1.246867776
52.621407,1.234353
52.620365,1.241316
52.622894,1.247125
52.621543,1.244226
52.620342,1.237271
52.622089,1.247324
52.622589,1.245017
52.620174,1.240125
52.628235,1.23719
52.62938047,1.235135794
52.62912325,1.234969497
52.62802594,1.236235499
52.62842319,1.236723661
52.62878136,1.237737536
52.62883997,1.235178709
52.62812037,1.236906052
52.62820177,1.236401796
52.62942931,1.237270832
52.62911022,1.237555146
52.62897672,1.237206459
52.62880741,1.237238646
52.62799989,1.237265468
52.62845901,1.237555146
52.62865763,1.23701334
52.622639,1.24638
52.621647,1.247152
52.62216,1.246562
52.621373,1.243357
52.62106866,1.236739755
52.62364948,1.244850755
52.62432031,1.245577633
52.625499,1.236646
52.61972,1.22333
52.62143503,1.237353981
52.621571,1.235393
52.62184374,1.238560975
52.621319,1.239371
52.62215148,1.238343716
52.62187956,1.234615445
52.62120218,1.236128211
52.622505,1.241659
52.62180303,1.240253448
52.622112,1.240677
52.62068112,1.236501038
52.62155064,1.239317358
52.62144643,1.238292754
52.62195121,1.236197948
52.62173464,1.238051355
52.62090746,1.242259741
52.619682,1.218946
52.625375,1.239803
52.62090746,1.242259741
52.6225553,1.247591972
52.62222639,1.247833371
52.62191701,1.237227917
52.62282559,1.242157817
52.62292654,1.243659854
52.61868636,1.224390864
52.6217151,1.232780814
52.62184211,1.237995028
52.62276046,1.243466735
52.62403374,1.247667074
52.6201975,1.247007251
52.62809432,1.241261959
52.6203929,1.246824861
52.62821,1.24083
52.62095956,1.236450076
52.62109634,1.241573095
52.62157,1.24073
52.62165,1.24073
52.621483,1.24073
52.62424867,1.241428256
52.62333686,1.245580316
52.62064692,1.234030724
52.62005095,1.235087514
52.61957546,1.223065853
52.622103,1.234125
52.626198,1.241605
52.621298,1.241192
52.62189096,1.23332262
52.621799,1.240608
52.62111,1.240591
52.624249,1.245454
52.621601,1.224147
52.621994,1.242635
52.622192,1.24123
52.621071,1.241466
52.61940611,1.246615648
52.624298,1.234428
52.624832,1.24212
52.621426,1.24179
52.617783,1.220984
52.623611,1.246562
52.623119,1.240532
52.624466,1.240854
52.621544,1.241231
52.627033,1.241884
52.618717,1.241552
52.621815,1.242362
52.62143503,1.24129951
52.621742,1.241021
52.621265,1.241334
52.621559,1.241468
52.62341,1.24687
52.62090746,1.242259741
52.622151,1.234079
52.620991,1.241589
52.62093,1.2372091
52.62335966,1.246079206
52.6233336,1.24309659
52.62179652,1.223934889
52.62225895,1.23360157
52.62216125,1.235951185
52.62199191,1.237699986
52.62225895,1.239427328
52.62132105,1.235522032
52.62545027,1.240832806
52.62053294,1.236079931
52.62470782,1.245177984
52.62433659,1.246680021
52.61802,1.223978
52.626258,1.239379
52.62826,1.237502
52.62291352,1.243799329
52.62130802,1.236152351
52.62227686,1.243839562
52.62207658,1.235436201
52.62172487,1.235715151
52.62153925,1.236412525
52.62090746,1.235865355
52.62270835,1.240763068
52.62265299,1.240950823
52.62228826,1.242211461
52.62384161,1.240720153
52.6245222,1.240645051
52.62244783,1.244491339
52.6223599,1.245601773
52.62196586,1.245397925
52.62201145,1.246143579
52.62294934,1.246798038
52.62319683,1.246615648
52.62113217,1.242442131
52.62187468,1.233971715
52.62148225,1.237576604
52.62156204,1.238013804
52.62084395,1.241326332
52.6222,1.2432307
52.62187793,1.24024272
52.62153925,1.235387921
52.62172487,1.237978935
52.621584,1.235687
52.62164671,1.241524816
52.62231106,1.241422892
52.62425518,1.240924001
52.62323591,1.24065578
52.620892,1.241965
52.62357784,1.246588826
52.62886,1.237107
52.62326522,1.246765852
52.61939308,1.223081946
52.62190073,1.235055327
52.6219854,1.23618722
52.62176069,1.238198876
52.62168579,1.239239573
52.62200168,1.239995956
52.62229152,1.240494847
52.62145132,1.241219044
52.62424215,1.24120295
52.6233336,1.245430112
52.62079022,1.241160035
52.62151319,1.240639687
52.62111914,1.237469316
52.62080324,1.236428618
52.62023658,1.235157251
52.62117776,1.240639687
52.62087489,1.240848899
52.62227849,1.242498457
52.62158158,1.235776842
52.62240061,1.241283417
52.62342316,1.246899962
52.62296562,1.241900325
52.62151645,1.239776015
52.62227523,1.239244938
52.622109,1.236678
52.620365,1.234653
52.62127872,1.235902905
52.62207007,1.238102317
52.6228549,1.241573095
52.62310891,1.244673729
52.62453197,1.245000958
52.62185,1.2401
52.6219,1.23994
52.62194,1.23987
52.62199,1.2398
52.62204,1.23997
52.62199,1.24004
52.62134,1.23953
52.6214,1.23946
52.62139,1.23934
52.62131,1.23967
52.620763,1.24121
52.620732,1.240582
52.620732,1.24058
52.620812,1.240582
52.620878,1.24121
52.620891,1.240582
52.620968,1.240582
52.621,1.24084
52.62130477,1.238451004
52.62186816,1.239298582
52.62169231,1.23940587
52.62200494,1.2397331
52.62199843,1.240151525
52.62136664,1.239792109
52.62145783,1.240022779
52.62210589,1.240752339
52.62230129,1.240650415
52.62126569,1.241841316
52.62077231,1.233668625
52.62068,1.24005
52.62073,1.24269
52.62008026,1.237555146
52.62003466,1.23601824
52.62035219,1.240586042
52.62075928,1.234934628
52.62217102,1.242324114
52.62197563,1.243820786
52.62148063,1.244700551
52.62138944,1.244968772
52.62066158,1.240237355
52.62058016,1.239593625
52.62031148,1.236425936
52.6207088,1.24157846
52.62144155,1.242080033
52.62070554,1.241583824
52.621483,1.240428
52.62086512,1.240671873
52.62064367,1.234610081
52.62023658,1.235318184
52.62158809,1.235634685
52.62197889,1.23636961
52.62397513,1.241149306
52.62443428,1.241101027
52.62432356,1.246004105
52.6233564,1.247050166
52.62333035,1.245279908
52.62223941,1.241186857
52.61947125,1.223033667
52.62222639,1.241197586
52.62143015,1.241683066
52.621248,1.239619
52.621248,1.239721
52.621351,1.23967
52.621184,1.239675
52.6232294,1.240650415
52.62199,1.24004
52.62204,1.23997
52.62199,1.2398
52.62194,1.23987
52.6219,1.23994
52.62185,1.2401
52.620968,1.240582
52.620891,1.240582
52.620812,1.240582
52.620878,1.24121
52.620763,1.24121
52.620732,1.240582
52.621,1.24084
52.623329,1.240363
52.62227,1.2434
52.621968,1.234111
52.619782,1.218742
52.621512,1.241407
52.624377,1.246691
52.620764,1.242142
52.62215,1.237292
52.625607,1.237271
52.621598,1.23701
52.620663,1.227915
52.623037,1.240801
52.624262,1.240495
52.624262,1.240495